pair: 9 and 4
sum: 13
sum: 36

pair: 31,415,926,535 and 2
sum: 31,415,926,537
sum: 62,831,853,070

pair: 0 and 1,234,567,890
sum: 1,234,567,890
sum: 0

pair: 1,734,792 and 131
sum: 1,734,923
sum: 227,257,752

pair: 1,506,033,005,018,000,029 and 1,992
sum: 1,506,033,005,018,002,021
sum: 3,000,017,745,995,856,057,768

pair: 23,571 and 100,000,002,750,004,128,293,702,150,000
sum: 100,000,002,750,004,128,293,702,173,571
sum: 2,357,100,064,820,347,308,010,853,377,650,000

pair: 9,999,999 and 9,999,999,999,999,999,999,999,999,999
sum: 10,000,000,000,000,000,000,009,999,998
sum: 99,999,989,999,999,999,999,999,999,990,000,001

pair: 31,415,926,535 and 31,415,926,535
sum: 62,831,853,070
sum: 986,960,440,052,517,106,225

pair: 3,276,765,535,021 and 271,828,128,450,945
sum: 275,104,893,985,966
sum: 890,717,042,757,317,904,878,044,845

pair: 112,233,445,566,778,899 and 99,887,766,554,433,221,100
sum: 99,999,999,999,999,999,999
sum: 11,210,748,210,374,098,777,790,374,124,081,568,900

sum: 198,719,881,989,199,019,911,992,199,461,363,351
sum: 28,103,235,175,072,502,749,824,937,489,248,474,774,245,220
